  45 138 168  58 210  40 114 233  77  95  35  65 131  91 223 168
  89  76 188 208  51 234   6   2 111  64 157 118 179 143  86 167
 244 105 117 162  84 156 221 245 185  83 250 152  85 230 100 184
  29  28 215 247  83  59 182  48 122  43 134  36 182 236   6  88
 246 137 194  27 141  80 138  63  16 105  59  81  81  48 158  19
  13  65 175 144 119   0 125  95 146  60 192  28 132 190 203  46
   4 163 173  74   4 106 174 209 252 215 200 101 248  11  24  91
 192 144   6 135 219  90 203 111 140 115 158 111  50 110 113  96
  58 162 137 229  45 156 230 226 205  43 193 218 151 148 142  84
 250  18 181  47  69  46
